1.499999999999999944e-02 9.692334369242662229e-01
1.631372549019607932e-02 9.714291357113458147e-01
1.762745098039215572e-02 9.751323466336258017e-01
1.894117647058823559e-02 9.747099115115077650e-01
2.025490196078431199e-02 9.795608014708467870e-01
2.156862745098039186e-02 9.739119262695098422e-01
2.288235294117647173e-02 9.806333278768624151e-01
2.419607843137254813e-02 9.670711822690311044e-01
2.550980392156862453e-02 9.567190647754474364e-01
2.682352941176470440e-02 8.941440167174140585e-01
2.813725490196078427e-02 9.686308654521602612e-01
2.945098039215686067e-02 9.578230615374875301e-01
3.076470588235294054e-02 9.239914609321364658e-01
3.207843137254901694e-02 8.116542063033306276e-01
3.339215686274509681e-02 3.132743351628183848e-01
3.470588235294116974e-02 1.975250071337087132e-01
3.601960784313724961e-02 1.214158629751523888e-01
3.733333333333332948e-02 5.535785003764973067e-02
3.864705882352940935e-02 1.677757501647895652e-02
3.996078431372548923e-02 5.896760534567345273e-03
4.127450980392156910e-02 1.248298991866490099e-02
4.258823529411764897e-02 2.140484322218312585e-02
4.390196078431372190e-02 2.465897521296298370e-02
4.521568627450980177e-02 2.128436128758631404e-02
4.652941176470588164e-02 1.383004084890919819e-02
4.784313725490196151e-02 7.012064350986201185e-03
4.915686274509803444e-02 2.121012859835536349e-03
5.047058823529411431e-02 1.253469869924360089e-03
5.178431372549019418e-02 3.005207268346064310e-03
5.309803921568627405e-02 5.291325173222331812e-03
5.441176470588234698e-02 6.640805045973757412e-03
5.572549019607842685e-02 6.330002443451492912e-03
5.703921568627450672e-02 4.622335372297075966e-03
5.835294117647058659e-02 2.565841308351295147e-03
5.966666666666666646e-02 1.107616549214779844e-03
6.098039215686273939e-02 4.376543733242932400e-04
6.229411764705881926e-02 7.024863644611487566e-04
6.360784313725489914e-02 1.475999296673567848e-03
6.492156862745097901e-02 2.087932374942562484e-03
6.623529411764705888e-02 2.292416238086524699e-03
6.754901960784312487e-02 2.021968326315931163e-03
6.886274509803921862e-02 1.406643122453436886e-03
7.017647058823528461e-02 7.726702387514680723e-04
7.149019607843137836e-02 3.537095973155888204e-04
7.280392156862744435e-02 2.482288817552412191e-04
7.411764705882352422e-02 3.924341784909003272e-04
7.543137254901960409e-02 6.585984375018632273e-04
7.674509803921568396e-02 8.559864839756323434e-04
7.805882352941176383e-02 8.997771431724911574e-04
7.937254901960784370e-02 7.628159607726856060e-04
8.068627450980392357e-02 5.374876798654589730e-04
8.199999999999998956e-02 3.177499408211090985e-04
8.331372549019606943e-02 2.429286655669926891e-04
8.462745098039214930e-02 2.081762696717429377e-04
8.594117647058822917e-02 2.128054221945063177e-04
8.725490196078430905e-02 3.058823246604497792e-04
8.856862745098038892e-02 3.679523778648764905e-04
8.988235294117646879e-02 3.742672784047259356e-04
9.119607843137254866e-02 3.236191867344716147e-04
9.250980392156862853e-02 2.415167456994896480e-04
9.382352941176469452e-02 1.626129599508614710e-04
9.513725490196077439e-02 1.096188008554822786e-04
9.645098039215685426e-02 1.005796894681561113e-04
9.776470588235293413e-02 1.215375359426200212e-04
9.907843137254901400e-02 1.555399003982177659e-04
1.003921568627450939e-01 1.793076549518274419e-04
1.017058823529411737e-01 1.849541129321173843e-04
1.030196078431372536e-01 1.625424806021471126e-04
1.043333333333333335e-01 1.280404772857317438e-04
1.056470588235293995e-01 9.561237724021311266e-05
1.069607843137254793e-01 8.022578211028964367e-05
1.082745098039215592e-01 9.386787715855271605e-05
1.095882352941176391e-01 1.034723894552155556e-04
1.109019607843137190e-01 1.205571500749187918e-04
1.122156862745097988e-01 1.349331643739666445e-04
1.135294117647058787e-01 1.369723296859813306e-04
1.148431372549019586e-01 1.262435817514427855e-04
1.161568627450980384e-01 1.044241332947544405e-04
1.174705882352941044e-01 8.274648759725605242e-05
1.187843137254901843e-01 6.874616554142209122e-05
1.200980392156862642e-01 6.406511244701489256e-05
1.214117647058823440e-01 6.675796635410200213e-05
1.227254901960784239e-01 7.308883317736863906e-05
1.240392156862745038e-01 7.808538031184482364e-05
1.253529411764705837e-01 7.775368373759230004e-05
1.266666666666666496e-01 7.200434011298203227e-05
1.279803921568627434e-01 6.415355467794717594e-05
1.292941176470588094e-01 5.491857609437750265e-05
1.306078431372548754e-01 4.811941153095309812e-05
1.319215686274509691e-01 4.553314848290872723e-05
1.332352941176470629e-01 4.601275922728864231e-05
1.345490196078431289e-01 4.812681084245869364e-05
1.358627450980391949e-01 4.920733414501219505e-05
1.371764705882352886e-01 4.923897018539738425e-05
1.384901960784313824e-01 4.642199535359010579e-05
1.398039215686274483e-01 4.211089913677343310e-05
1.411176470588235143e-01 3.742114248624864997e-05
1.424313725490196081e-01 3.365108628682982040e-05
1.437450980392157018e-01 3.139638044608999154e-05
1.450588235294117401e-01 3.112746229231951918e-05
1.463725490196078338e-01 3.199632721034478730e-05
1.476862745098039276e-01 3.263473285014942065e-05
1.489999999999999658e-01 3.262619620052394922e-05
1.503137254901960596e-01 3.105503852032852845e-05
1.516274509803921533e-01 2.879243283909975511e-05
1.529411764705882470e-01 2.614715296359026580e-05
1.542549019607842853e-01 2.437769327216934446e-05
1.555686274509803790e-01 2.223710666680030163e-05
1.568823529411764728e-01 2.151719332085092243e-05
1.581960784313725665e-01 2.167107859730823708e-05
1.595098039215686048e-01 2.174646963004120331e-05
1.608235294117646985e-01 2.150434139526134737e-05
1.621372549019607923e-01 2.071726371040860076e-05
1.634509803921568305e-01 1.920107530443235870e-05
1.647647058823529242e-01 1.802124802131348431e-05
1.660784313725490180e-01 1.656189896565701057e-05
1.673921568627451117e-01 1.567931611567309396e-05
1.687058823529411500e-01 1.529732539929139752e-05
1.700196078431372437e-01 1.538646618612071737e-05
1.713333333333333375e-01 1.542019936686464933e-05
1.726470588235293757e-01 1.536757087290259010e-05
1.739607843137254695e-01 1.519448217024447517e-05
1.752745098039215632e-01 1.426511836802719711e-05
1.765882352941176570e-01 1.317445077868553742e-05
1.779019607843136952e-01 1.216094830153867112e-05
1.792156862745097889e-01 1.127318032364207448e-05
1.805294117647058827e-01 1.103337676293545502e-05
1.818431372549019764e-01 1.129658244631436403e-05
1.831568627450980147e-01 1.164666469649324895e-05
1.844705882352941084e-01 1.173633280256802787e-05
1.857843137254902022e-01 1.164215633955440023e-05
1.870980392156862404e-01 1.107531939429899619e-05
1.884117647058823342e-01 1.019834127329936045e-05
1.897254901960784279e-01 9.356130125175059681e-06
1.910392156862745217e-01 8.604370540807332950e-06
1.923529411764705599e-01 8.322842965990082480e-06
1.936666666666666536e-01 8.640042146558282450e-06
1.949803921568627474e-01 9.140466446533676101e-06
1.962941176470587856e-01 9.735794979337221311e-06
1.976078431372548794e-01 9.887039473960033804e-06
1.989215686274509731e-01 9.498902628091149660e-06
2.002352941176470669e-01 8.514650636204759262e-06
2.015490196078431051e-01 7.624609919164289562e-06
2.028627450980391989e-01 6.855662369988590401e-06
2.041764705882352926e-01 6.557056646354625526e-06
2.054901960784313864e-01 6.702681164759203330e-06
2.068039215686274246e-01 7.539780535874404409e-06
2.081176470588235183e-01 8.319438449573178250e-06
2.094313725490196121e-01 8.742611080812782653e-06
2.107450980392156503e-01 8.621644319487984263e-06
2.120588235294117441e-01 7.934264956438015913e-06
2.133725490196078378e-01 6.902817005326991102e-06
2.146862745098039316e-01 6.005251177909230734e-06
2.159999999999999698e-01 5.555259068859058436e-06
2.173137254901960636e-01 5.718490508272080799e-06
2.186274509803921573e-01 6.458681287657129939e-06
2.199411764705881955e-01 7.460284704439558385e-06
2.212549019607842893e-01 8.210992164612697665e-06
2.225686274509803830e-01 8.380783512076710469e-06
2.238823529411764768e-01 7.797147987134921303e-06
2.251960784313725150e-01 6.633451339795346022e-06
2.265098039215686088e-01 5.491538254648012310e-06
2.278235294117647025e-01 5.123700571228639836e-06
2.291372549019607963e-01 5.172684639152372241e-06
2.304509803921568345e-01 6.173361981286284528e-06
2.317647058823529282e-01 7.705752950716592188e-06
2.330784313725490220e-01 9.087586633864623423e-06
2.343921568627450602e-01 9.693317613662008186e-06
2.357058823529411540e-01 9.199516593215105838e-06
2.370196078431372477e-01 7.899523759585581645e-06
2.383333333333333415e-01 6.099860190490034437e-06
2.396470588235293797e-01 4.805169471753509572e-06
2.409607843137254735e-01 4.518192100430947423e-06
2.422745098039215672e-01 5.394006999467386028e-06
2.435882352941176054e-01 7.296173995970739063e-06
2.449019607843136992e-01 9.408074512669125164e-06
2.462156862745097929e-01 1.066287119313775722e-05
2.475294117647058867e-01 1.012206354527960244e-05
2.488431372549019249e-01 8.968168824994827859e-06
2.501568627450980187e-01 6.901071077859945849e-06
2.514705882352941124e-01 4.955051303602469401e-06
2.527843137254902062e-01 4.114417099395716248e-06
2.540980392156862444e-01 4.729638675533400578e-06
2.554117647058823382e-01 6.798499785260580968e-06
2.567254901960784319e-01 9.783108995150601716e-06
2.580392156862744701e-01 1.236693569006831723e-05
2.593529411764705639e-01 1.349308308032209282e-05
2.606666666666666576e-01 1.259830309356691263e-05
2.619803921568627514e-01 1.015462032652630941e-05
2.632941176470587896e-01 7.115016636154846365e-06
2.646078431372548834e-01 5.062100653911032142e-06
2.659215686274509771e-01 5.090316527558565412e-06
2.672352941176470709e-01 7.628552628269640027e-06
2.685490196078431091e-01 1.206127501311028531e-05
2.698627450980392029e-01 1.709869825817510088e-05
2.711764705882352966e-01 2.053282355696851744e-05
2.724901960784313903e-01 2.101881028969103805e-05
2.738039215686274286e-01 1.843204871099100967e-05
2.751176470588235223e-01 1.372506594961928202e-05
2.764313725490196161e-01 9.077003514820443226e-06
2.777450980392157098e-01 7.372736958466442586e-06
2.790588235294117481e-01 9.953471952705212928e-06
2.803725490196078418e-01 1.735668030395569415e-05
2.816862745098039356e-01 2.762053799282963048e-05
2.829999999999999738e-01 3.912021789950201534e-05
2.843137254901960675e-01 4.723949591278211823e-05
2.856274509803921613e-01 4.791672421677447484e-05
2.869411764705882550e-01 4.211753246199007083e-05
2.882549019607842933e-01 3.216743769169920806e-05
2.895686274509803870e-01 2.386508991520551259e-05
2.908823529411764808e-01 2.436972253796995577e-05
2.921960784313725190e-01 4.084593032134596711e-05
2.935098039215686128e-01 7.875837965025844940e-05
2.948235294117647065e-01 1.065287029597809413e-04
2.961372549019608003e-01 1.540344038428412710e-04
2.974509803921568385e-01 2.178528576537321190e-04
2.987647058823529322e-01 2.752827832691520779e-04
3.000784313725490260e-01 3.210829983121930983e-04
3.013921568627451197e-01 3.540229005930541312e-04
3.027058823529411580e-01 3.544593952476505290e-04
3.040196078431372517e-01 3.328138051960957255e-04
3.053333333333333455e-01 2.881153115917016341e-04
3.066470588235293837e-01 2.321895807750138513e-04
3.079607843137254775e-01 1.722980268589517855e-04
3.092745098039215712e-01 1.168542131558816610e-04
3.105882352941176650e-01 6.864628146275014026e-05
3.119019607843137032e-01 3.555210719368273717e-05
3.132156862745097969e-01 1.950407959706531615e-05
3.145294117647058907e-01 5.543198564387032235e-06
3.158431372549019289e-01 1.183893936700764154e-06
3.171568627450980227e-01 2.401692330209313001e-06
3.184705882352941164e-01 5.644442692264300513e-06
3.197843137254902102e-01 7.487049166191055379e-06
3.210980392156862484e-01 8.046872362615927098e-06
3.224117647058823422e-01 6.957414120060440093e-06
3.237254901960784359e-01 4.864975436704984939e-06
3.250392156862745296e-01 2.670586467445843874e-06
3.263529411764705679e-01 1.050739394643255795e-06
3.276666666666666616e-01 2.284287323223169947e-07
3.289803921568627554e-01 2.116766583581832875e-07
3.302941176470587936e-01 6.744110142936879098e-07
3.316078431372548874e-01 1.200514989359902221e-06
3.329215686274509811e-01 1.530527800896557741e-06
3.342352941176470749e-01 1.528899767352401057e-06
3.355490196078431131e-01 1.230982031820214069e-06
3.368627450980392068e-01 7.694027265152059203e-07
3.381764705882353006e-01 3.550483726377095233e-07
3.394901960784313388e-01 8.295057324811161935e-08
3.408039215686274326e-01 1.703315976770543857e-08
3.421176470588235263e-01 6.702154699568080768e-08
3.434313725490196201e-01 1.993506191288190905e-07
3.447450980392156583e-01 3.135275351295220123e-07
3.460588235294117521e-01 3.560498890735782942e-07
3.473725490196078458e-01 3.134690113554889014e-07
3.486862745098039396e-01 2.157033414345130545e-07
3.499999999999999778e-01 1.907080601606081095e-07
